Enter node_num : Enter adj_mat :
Enter adj_mat :
D_mat :
    0      1    100    100      0    100    100    100  
  100      0      2    100    100      7    100    100  
  100    100      0      2    100    100    100      9  
  100    100    100      0    100    100    100    100  
    3      5    100    100      0    100    100    100  
  100    100    100    100      6      0    100    100  
  100    100      8    100    100    100      0    100  
  100    100      2    100    100    100      7      0  
pi_mat: 
  100      0    100    100      0    100    100    100  
  100    100      1    100    100      1    100    100  
  100    100    100      2    100    100    100      2  
  100    100    100    100    100    100    100    100  
    4      4    100    100    100    100    100    100  
  100    100    100    100      5    100    100    100  
  100    100      6    100    100    100    100    100  
  100    100      7    100    100    100      7    100  
D_mat :
    0      1    100    100      0    100    100    100  
  100      0      2    100    100      7    100    100  
  100    100      0      2    100    100    100      9  
  100    100    100      0    100    100    100    100  
    3      4    100    100      0    100    100    100  
  100    100    100    100      6      0    100    100  
  100    100      8    100    100    100      0    100  
  100    100      2    100    100    100      7      0  
pi_mat: 
  100      0    100    100      0    100    100    100  
  100    100      1    100    100      1    100    100  
  100    100    100      2    100    100    100      2  
  100    100    100    100    100    100    100    100  
    4      4    100    100    100    100    100    100  
  100    100    100    100      5    100    100    100  
  100    100      6    100    100    100    100    100  
  100    100      7    100    100    100      7    100  
D_mat :
    0      1      3    100      0      8    100    100  
  100      0      2    100    100      7    100    100  
  100    100      0      2    100    100    100      9  
  100    100    100      0    100    100    100    100  
    3      4      6    100      0     11    100    100  
  100    100    100    100      6      0    100    100  
  100    100      8    100    100    100      0    100  
  100    100      2    100    100    100      7      0  
pi_mat: 
  100      0    100    100      0    100    100    100  
  100    100      1    100    100      1    100    100  
  100    100    100      2    100    100    100      2  
  100    100    100    100    100    100    100    100  
    4      4    100    100    100    100    100    100  
  100    100    100    100      5    100    100    100  
  100    100      6    100    100    100    100    100  
  100    100      7    100    100    100      7    100  
D_mat :
    0      1      3      5      0      8    100     12  
  100      0      2      4    100      7    100     11  
  100    100      0      2    100    100    100      9  
  100    100    100      0    100    100    100    100  
    3      4      6      8      0     11    100     15  
  100    100    100    100      6      0    100    100  
  100    100      8     10    100    100      0     17  
  100    100      2      4    100    100      7      0  
pi_mat: 
  100      0    100    100      0    100    100    100  
  100    100      1    100    100      1    100    100  
  100    100    100      2    100    100    100      2  
  100    100    100    100    100    100    100    100  
    4      4    100    100    100    100    100    100  
  100    100    100    100      5    100    100    100  
  100    100      6    100    100    100    100    100  
  100    100      7    100    100    100      7    100  
D_mat :
    0      1      3      5      0      8    100     12  
  100      0      2      4    100      7    100     11  
  100    100      0      2    100    100    100      9  
  100    100    100      0    100    100    100    100  
    3      4      6      8      0     11    100     15  
  100    100    100    100      6      0    100    100  
  100    100      8     10    100    100      0     17  
  100    100      2      4    100    100      7      0  
pi_mat: 
  100      0    100    100      0    100    100    100  
  100    100      1    100    100      1    100    100  
  100    100    100      2    100    100    100      2  
  100    100    100    100    100    100    100    100  
    4      4    100    100    100    100    100    100  
  100    100    100    100      5    100    100    100  
  100    100      6    100    100    100    100    100  
  100    100      7    100    100    100      7    100  
D_mat :
    0      1      3      5      0      8    100     12  
  100      0      2      4    100      7    100     11  
  100    100      0      2    100    100    100      9  
  100    100    100      0    100    100    100    100  
    3      4      6      8      0     11    100     15  
    9     10     12     14      6      0    100     21  
  100    100      8     10    100    100      0     17  
  100    100      2      4    100    100      7      0  
pi_mat: 
  100      0    100    100      0    100    100    100  
  100    100      1    100    100      1    100    100  
  100    100    100      2    100    100    100      2  
  100    100    100    100    100    100    100    100  
    4      4    100    100    100    100    100    100  
  100    100    100    100      5    100    100    100  
  100    100      6    100    100    100    100    100  
  100    100      7    100    100    100      7    100  
D_mat :
    0      1      3      5      0      8    100     12  
   16      0      2      4     13      7    100     11  
  100    100      0      2    100    100    100      9  
  100    100    100      0    100    100    100    100  
    3      4      6      8      0     11    100     15  
    9     10     12     14      6      0    100     21  
  100    100      8     10    100    100      0     17  
  100    100      2      4    100    100      7      0  
pi_mat: 
  100      0    100    100      0    100    100    100  
  100    100      1    100    100      1    100    100  
  100    100    100      2    100    100    100      2  
  100    100    100    100    100    100    100    100  
    4      4    100    100    100    100    100    100  
  100    100    100    100      5    100    100    100  
  100    100      6    100    100    100    100    100  
  100    100      7    100    100    100      7    100  
D_mat :
    0      1      3      5      0      8    100     12  
   16      0      2      4     13      7    100     11  
  100    100      0      2    100    100    100      9  
  100    100    100      0    100    100    100    100  
    3      4      6      8      0     11    100     15  
    9     10     12     14      6      0    100     21  
  100    100      8     10    100    100      0     17  
  100    100      2      4    100    100      7      0  
pi_mat: 
  100      0    100    100      0    100    100    100  
  100    100      1    100    100      1    100    100  
  100    100    100      2    100    100    100      2  
  100    100    100    100    100    100    100    100  
    4      4    100    100    100    100    100    100  
  100    100    100    100      5    100    100    100  
  100    100      6    100    100    100    100    100  
  100    100      7    100    100    100      7    100  
D_mat :
    0      1      3      5      0      8     19     12  
   16      0      2      4     13      7     18     11  
  100    100      0      2    100    100     16      9  
  100    100    100      0    100    100    100    100  
    3      4      6      8      0     11     22     15  
    9     10     12     14      6      0     28     21  
  100    100      8     10    100    100      0     17  
  100    100      2      4    100    100      7      0  
pi_mat: 
  100      0    100    100      0    100    100    100  
  100    100      1    100    100      1    100    100  
  100    100    100      2    100    100    100      2  
  100    100    100    100    100    100    100    100  
    4      4    100    100    100    100    100    100  
  100    100    100    100      5    100    100    100  
  100    100      6    100    100    100    100    100  
  100    100      7    100    100    100      7    100  
